"","V1","V2","V3","V4","V5","V6","V7","V8","V9","V10","V11","V12","V13","V14","V15","V16","V17","V18","V19","V20","V21","V22","V23","V24","V25","V26","V27","V28","V29","V30","V31","V32","V33","V34","V35","V36","V37","V38","V39","V40","V41","V42","V43","V44","V45","V46","V47","V48","V49","V50","V51","V52","V53","V54","V55","V56","V57","V58","V59","V60","V61","V62","V63","V64","V65","V66","V67","V68","V69","V70","V71","V72","V73","V74","V75","V76","V77","V78","V79","V80","V81","V82","V83","V84","V85","V86","V87","V88","V89","V90","V91","V92","V93","V94","V95","V96","V97","V98","V99","V100","V101","V102","V103","V104","V105","V106","V107","V108","V109","V110","V111","V112","V113","V114","V115","V116","V117","V118","V119","V120","V121","V122","V123","V124","V125","V126","V127","V128","V129","V130","V131","V132","V133","V134","V135","V136","V137","V138","V139","V140","V141","V142","V143","V144","V145","V146","V147","V148","V149","V150","V151","V152","V153","V154","V155","V156","V157","V158","V159","V160","V161","V162","V163","V164","V165","V166","V167","V168","V169","V170","V171","V172","V173","V174","V175","V176"
"1",1,0.118,0.184,0.116,0.068,0.132,0.094,0.098,0.09,0.12,0.118,0.086,0.096,0.364,0.428,0.31,0.154,0.23,0.184,0.158,0.12,0.082,0.064,0.034,0.11,0.114,0.186,0.196,0.036,0.032,0.218,0.054,0.064,0.11,0.112,0.102,0.234,0.136,0.156,0.21,0.274,0.114,0.158,0.186,0.134,0.108,0.122,0.206,0.056,0.314,0.092,0.236,0.21,0.18,0.044,0.146,0.1,0.1,0.042,0.078,0.162,0.082,0.05,0.152,0.146,0.132,0.148,0.05,0.092,0.054,0.5,0.174,0.076,0.088,0.188,0.234,0.1,0.088,0.08,0.162,0.17,0.068,0.156,0.172,0.138,0.154,0.066,0.252,0.268,0.206,0.226,0.218,0.21,0.156,0.192,0.164,0.302,0.33,0.22,0.182,0.204,0.188,0.1,0.274,0.252,0.062,0.206,0.05,0.22,0.186,0.17,0.148,0.192,0.134,0.202,0.216,0.182,0.2,0.046,0.148,0.044,0.162,0.106,0.104,0.116,0.252,0.182,0.144,0.182,0.112,0.062,0.096,0.172,0.138,0.164,0.1,0.078,0.066,0.072,0.246,0.276,0.226,0.164,0.162,0.252,0.05,0.236,0.236,0.332,0.322,0.188,0.166,0.102,0.098,0.202,0.246,0.05,0.1,0.12,0.214,0.196,0.192,0.198,0.1,0.13,0.162,0.15,0.206,0.164,0.206,0.116,0.072,0.076,0.09,0.13,0.056
"2",0.118,1,0.166,0.134,0.128,0.188,0.312,0.268,0.138,0.12,0.246,0.28,0.146,0.114,0.14,0.162,0.216,0.084,0.062,0.192,0.132,0.15,0.366,0.254,0.094,0.208,0.17,0.12,0.246,0.13,0.078,0.158,0.186,0.078,0.24,0.126,0.13,0.144,0.182,0.22,0.132,0.2,0.128,0.174,0.102,0.22,0.094,0.28,0.324,0.078,0.08,0.108,0.426,0.098,0.104,0.25,0.324,0.17,0.086,0.118,0.15,0.188,0.198,0.08,0.158,0.204,0.108,0.102,0.248,0.12,0.152,0.224,0.218,0.082,0.1,0.116,0.368,0.158,0.082,0.074,0.182,0.1,0.096,0.176,0.106,0.352,0.284,0.06,0.088,0.122,0.138,0.314,0.094,0.21,0.244,0.074,0.092,0.104,0.224,0.066,0.172,0.094,0.174,0.15,0.06,0.124,0.156,0.29,0.138,0.152,0.108,0.11,0.182,0.068,0.066,0.314,0.048,0.128,0.224,0.136,0.164,0.126,0.126,0.162,0.226,0.11,0.06,0.24,0.148,0.178,0.114,0.148,0.218,0.176,0.176,0.136,0.186,0.166,0.118,0.264,0.138,0.296,0.118,0.156,0.212,0.112,0.252,0.172,0.198,0.16,0.34,0.054,0.242,0.172,0.234,0.172,0.192,0.16,0.082,0.064,0.076,0.082,0.056,0.214,0.156,0.102,0.178,0.082,0.108,0.114,0.138,0.132,0.198,0.102,0.158,0.13
"3",0.184,0.166,1,0.204,0.182,0.134,0.252,0.154,0.31,0.156,0.108,0.29,0.144,0.164,0.09,0.142,0.1,0.058,0.074,0.084,0.202,0.2,0.424,0.192,0.082,0.156,0.072,0.272,0.208,0.14,0.154,0.2,0.132,0.118,0.126,0.138,0.078,0.08,0.154,0.294,0.084,0.072,0.146,0.028,0.14,0.12,0.11,0.448,0.246,0.344,0.174,0.136,0.286,0.152,0.182,0.168,0.5,0.224,0.13,0.146,0.148,0.266,0.162,0.218,0.238,0.208,0.114,0.28,0.196,0.1,0.164,0.136,0.248,0.198,0.408,0.094,0.072,0.458,0.244,0.062,0.168,0.118,0.108,0.172,0.122,0.068,0.102,0.202,0.096,0.188,0.136,0.078,0.092,0.066,0.078,0.166,0.07,0.078,0.056,0.188,0.176,0.13,0.144,0.102,0.152,0.108,0.132,0.166,0.28,0.272,0.222,0.08,0.15,0.146,0.172,0.126,0.1,0.16,0.26,0.11,0.25,0.172,0.136,0.194,0.1,0.07,0.072,0.078,0.184,0.194,0.146,0.166,0.056,0.128,0.088,0.186,0.124,0.156,0.174,0.072,0.172,0.12,0.058,0.102,0.032,0.204,0.224,0.076,0.092,0.094,0.088,0.14,0.106,0.22,0.132,0.104,0.168,0.214,0.18,0.192,0.212,0.086,0.19,0.156,0.536,0.136,0.092,0.174,0.148,0.148,0.3,0.21,0.166,0.18,0.084,0.248
"4",0.116,0.134,0.204,1,0.396,0.16,0.13,0.232,0.482,0.07,0.076,0.204,0.206,0.148,0.078,0.228,0.05,0.202,0.054,0.262,0.204,0.388,0.13,0.276,0.12,0.14,0.202,0.114,0.118,0.15,0.198,0.228,0.154,0.148,0.272,0.132,0.026,0.14,0.154,0.246,0.19,0.068,0.208,0.094,0.094,0.06,0.204,0.086,0.494,0.158,0.202,0.236,0.248,0.278,0.174,0.268,0.15,0.356,0.098,0.254,0.282,0.244,0.12,0.274,0.426,0.376,0.238,0.242,0.34,0.126,0.256,0.1,0.204,0.086,0.074,0.108,0.122,0.206,0.098,0.016,0.106,0.088,0.064,0.104,0.182,0.086,0.222,0.094,0.108,0.198,0.314,0.04,0.112,0.044,0.04,0.216,0.056,0.066,0.06,0.172,0.116,0.1,0.148,0.114,0.438,0.136,0.374,0.138,0.122,0.196,0.296,0.176,0.082,0.294,0.082,0.152,0.09,0.154,0.342,0.146,0.25,0.038,0.222,0.158,0.104,0.236,0.098,0.062,0.11,0.134,0.082,0.178,0.07,0.202,0.106,0.28,0.19,0.258,0.18,0.034,0.136,0.244,0.096,0.108,0.08,0.242,0.232,0.096,0.074,0.092,0.05,0.22,0.142,0.272,0.266,0.11,0.202,0.184,0.166,0.308,0.228,0.056,0.466,0.402,0.286,0.174,0.112,0.248,0.246,0.196,0.28,0.2,0.218,0.102,0.06,0.186
"5",0.068,0.128,0.182,0.396,1,0.158,0.178,0.176,0.344,0.12,0.056,0.356,0.472,0.112,0.048,0.042,0.02,0.086,0.01,0.094,0.264,0.502,0.232,0.382,0.052,0.036,0.114,0.09,0.304,0.378,0.184,0.304,0.268,0.276,0.432,0.062,0.01,0.198,0.046,0.072,0.088,0.042,0.122,0.038,0.028,0.146,0.144,0.212,0.268,0.096,0.386,0.41,0.222,0.276,0.484,0.2,0.244,0.242,0.356,0.556,0.182,0.448,0.298,0.348,0.326,0.214,0.198,0.362,0.222,0.278,0.124,0.218,0.288,0.182,0.152,0.112,0.308,0.278,0.246,0.016,0.118,0.266,0.028,0.124,0.078,0.022,0.282,0.024,0.078,0.056,0.228,0.018,0.064,0.024,0.066,0.258,0.006,0.024,0.036,0.382,0.06,0.204,0.208,0.066,0.25,0.23,0.15,0.204,0.254,0.04,0.108,0.08,0.018,0.338,0.072,0.072,0.008,0.14,0.328,0.3,0.57,0.098,0.376,0.222,0.044,0.118,0.062,0.014,0.142,0.198,0.31,0.114,0.066,0.222,0.072,0.432,0.38,0.27,0.182,0.004,0.136,0.112,0.032,0.064,0.014,0.54,0.218,0.052,0.042,0.016,0.05,0.314,0.096,0.368,0.1,0.036,0.388,0.366,0.436,0.218,0.37,0.006,0.4,0.516,0.222,0.132,0.044,0.216,0.26,0.128,0.154,0.18,0.328,0.41,0.022,0.286
"6",0.132,0.188,0.134,0.16,0.158,1,0.154,0.12,0.154,0.06,0.214,0.172,0.166,0.104,0.128,0.138,0.292,0.096,0.28,0.218,0.058,0.16,0.076,0.126,0.208,0.232,0.184,0.264,0.12,0.234,0.116,0.178,0.152,0.274,0.228,0.202,0.094,0.096,0.278,0.2,0.118,0.148,0.152,0.204,0.162,0.104,0.23,0.166,0.132,0.216,0.07,0.174,0.156,0.088,0.132,0.074,0.084,0.092,0.288,0.154,0.092,0.178,0.134,0.158,0.154,0.09,0.062,0.086,0.13,0.208,0.134,0.218,0.088,0.076,0.062,0.094,0.246,0.076,0.134,0.166,0.178,0.128,0.194,0.182,0.238,0.358,0.112,0.232,0.194,0.258,0.168,0.206,0.234,0.26,0.104,0.088,0.142,0.2,0.146,0.196,0.216,0.148,0.136,0.088,0.15,0.264,0.128,0.136,0.076,0.3,0.242,0.134,0.31,0.144,0.298,0.166,0.184,0.226,0.096,0.128,0.192,0.168,0.122,0.186,0.14,0.128,0.112,0.132,0.104,0.116,0.182,0.056,0.258,0.166,0.096,0.216,0.252,0.208,0.058,0.152,0.106,0.118,0.114,0.136,0.102,0.164,0.132,0.132,0.092,0.126,0.202,0.088,0.106,0.16,0.148,0.182,0.212,0.102,0.206,0.136,0.2,0.318,0.11,0.146,0.2,0.148,0.174,0.228,0.07,0.114,0.314,0.09,0.094,0.158,0.18,0.162
"7",0.094,0.312,0.252,0.13,0.178,0.154,1,0.148,0.138,0.15,0.176,0.244,0.188,0.098,0.058,0.142,0.144,0.03,0.128,0.14,0.168,0.154,0.544,0.172,0.23,0.192,0.11,0.12,0.342,0.224,0.126,0.198,0.19,0.122,0.232,0.058,0.066,0.07,0.154,0.116,0.05,0.106,0.234,0.138,0.102,0.136,0.114,0.302,0.214,0.156,0.146,0.128,0.206,0.084,0.186,0.134,0.482,0.296,0.196,0.182,0.124,0.218,0.15,0.168,0.25,0.186,0.1,0.182,0.166,0.18,0.086,0.134,0.348,0.15,0.152,0.076,0.192,0.218,0.182,0.148,0.568,0.172,0.218,0.57,0.1,0.204,0.268,0.126,0.044,0.06,0.086,0.11,0.15,0.118,0.054,0.132,0.136,0.09,0.082,0.168,0.136,0.16,0.204,0.058,0.108,0.21,0.206,0.154,0.218,0.088,0.108,0.104,0.112,0.114,0.168,0.172,0.14,0.134,0.216,0.108,0.202,0.116,0.118,0.21,0.102,0.142,0.086,0.068,0.122,0.264,0.172,0.156,0.082,0.12,0.054,0.18,0.146,0.122,0.154,0.084,0.142,0.106,0.112,0.08,0.032,0.234,0.21,0.152,0.14,0.11,0.092,0.112,0.086,0.178,0.21,0.148,0.206,0.264,0.21,0.126,0.202,0.09,0.072,0.264,0.18,0.138,0.062,0.108,0.206,0.124,0.184,0.164,0.138,0.18,0.106,0.218
"8",0.098,0.268,0.154,0.232,0.176,0.12,0.148,1,0.296,0.102,0.068,0.13,0.11,0.12,0.134,0.132,0.204,0.092,0.048,0.174,0.206,0.234,0.264,0.292,0.18,0.238,0.314,0.072,0.144,0.1,0.148,0.212,0.164,0.108,0.146,0.098,0.136,0.208,0.176,0.144,0.206,0.118,0.094,0.2,0.118,0.148,0.206,0.096,0.34,0.104,0.17,0.084,0.198,0.132,0.152,0.394,0.27,0.232,0.076,0.184,0.294,0.234,0.306,0.146,0.18,0.214,0.224,0.21,0.186,0.1,0.086,0.136,0.17,0.2,0.186,0.106,0.19,0.292,0.158,0.066,0.15,0.154,0.056,0.146,0.194,0.244,0.37,0.052,0.074,0.214,0.25,0.212,0.156,0.126,0.15,0.102,0.054,0.198,0.17,0.072,0.076,0.058,0.154,0.17,0.24,0.094,0.256,0.314,0.11,0.15,0.1,0.2,0.134,0.162,0.048,0.222,0.088,0.104,0.298,0.098,0.218,0.068,0.156,0.132,0.276,0.342,0.076,0.244,0.304,0.11,0.068,0.3,0.154,0.224,0.116,0.11,0.132,0.21,0.214,0.208,0.142,0.16,0.17,0.194,0.27,0.14,0.138,0.2,0.13,0.084,0.188,0.1,0.228,0.162,0.332,0.176,0.128,0.124,0.09,0.284,0.134,0.076,0.144,0.14,0.204,0.11,0.23,0.132,0.154,0.116,0.114,0.278,0.244,0.122,0.19,0.172
"9",0.09,0.138,0.31,0.482,0.344,0.154,0.138,0.296,1,0.056,0.108,0.27,0.222,0.088,0.056,0.122,0.032,0.158,0.046,0.134,0.158,0.464,0.272,0.334,0.094,0.13,0.174,0.126,0.214,0.132,0.142,0.262,0.204,0.206,0.176,0.158,0.036,0.168,0.128,0.252,0.088,0.06,0.158,0.068,0.088,0.032,0.136,0.194,0.562,0.146,0.212,0.248,0.224,0.27,0.18,0.266,0.344,0.32,0.146,0.286,0.176,0.504,0.22,0.168,0.226,0.352,0.15,0.23,0.332,0.11,0.176,0.078,0.238,0.122,0.16,0.086,0.192,0.306,0.19,0.052,0.116,0.114,0.084,0.118,0.15,0.064,0.318,0.076,0.1,0.196,0.27,0.028,0.088,0.022,0.044,0.224,0.058,0.044,0.022,0.21,0.09,0.118,0.152,0.124,0.278,0.152,0.192,0.166,0.106,0.25,0.346,0.096,0.078,0.206,0.078,0.108,0.086,0.096,0.362,0.218,0.434,0.078,0.196,0.206,0.134,0.146,0.11,0.038,0.148,0.138,0.1,0.208,0.07,0.156,0.082,0.174,0.176,0.33,0.198,0.018,0.108,0.152,0.082,0.148,0.024,0.254,0.232,0.056,0.072,0.058,0.026,0.186,0.128,0.438,0.172,0.058,0.156,0.174,0.208,0.428,0.338,0.048,0.368,0.3,0.276,0.1,0.07,0.178,0.128,0.138,0.198,0.224,0.22,0.194,0.042,0.214
"10",0.12,0.12,0.156,0.07,0.12,0.06,0.15,0.102,0.056,1,0.16,0.194,0.14,0.12,0.168,0.172,0.142,0.206,0.124,0.21,0.222,0.078,0.132,0.04,0.272,0.102,0.132,0.054,0.226,0.168,0.232,0.08,0.134,0.186,0.18,0.098,0.146,0.258,0.174,0.098,0.188,0.218,0.288,0.126,0.24,0.506,0.14,0.14,0.038,0.11,0.33,0.14,0.088,0.188,0.124,0.122,0.106,0.136,0.262,0.142,0.156,0.074,0.198,0.198,0.176,0.108,0.332,0.154,0.088,0.184,0.114,0.14,0.158,0.21,0.282,0.262,0.118,0.146,0.318,0.186,0.154,0.352,0.158,0.16,0.148,0.082,0.094,0.09,0.116,0.084,0.066,0.15,0.166,0.136,0.208,0.412,0.128,0.138,0.206,0.268,0.088,0.276,0.152,0.116,0.106,0.22,0.176,0.104,0.376,0.048,0.104,0.206,0.084,0.114,0.126,0.088,0.122,0.114,0.06,0.234,0.076,0.206,0.218,0.122,0.116,0.124,0.184,0.108,0.272,0.188,0.224,0.246,0.21,0.138,0.168,0.236,0.132,0.114,0.184,0.168,0.134,0.19,0.25,0.146,0.164,0.164,0.13,0.306,0.21,0.146,0.118,0.376,0.136,0.178,0.132,0.254,0.102,0.258,0.228,0.126,0.12,0.056,0.144,0.164,0.122,0.418,0.126,0.102,0.338,0.248,0.068,0.19,0.134,0.264,0.136,0.096
"11",0.118,0.246,0.108,0.076,0.056,0.214,0.176,0.068,0.108,0.16,1,0.152,0.146,0.13,0.176,0.118,0.226,0.252,0.164,0.096,0.122,0.112,0.138,0.134,0.128,0.238,0.104,0.23,0.132,0.178,0.058,0.114,0.144,0.104,0.142,0.384,0.258,0.188,0.194,0.26,0.064,0.34,0.09,0.104,0.214,0.116,0.206,0.162,0.14,0.178,0.034,0.056,0.176,0.084,0.118,0.09,0.138,0.214,0.172,0.066,0.11,0.112,0.132,0.06,0.094,0.186,0.066,0.098,0.216,0.122,0.136,0.314,0.09,0.132,0.066,0.12,0.148,0.116,0.124,0.23,0.218,0.124,0.18,0.214,0.102,0.166,0.12,0.14,0.112,0.16,0.154,0.238,0.13,0.27,0.272,0.094,0.236,0.088,0.24,0.082,0.218,0.216,0.12,0.232,0.03,0.248,0.108,0.268,0.102,0.214,0.238,0.238,0.246,0.082,0.15,0.216,0.178,0.202,0.138,0.032,0.104,0.258,0.09,0.202,0.212,0.052,0.178,0.338,0.036,0.144,0.136,0.074,0.17,0.198,0.214,0.07,0.092,0.152,0.09,0.184,0.162,0.262,0.26,0.298,0.134,0.058,0.206,0.188,0.18,0.204,0.23,0.074,0.256,0.166,0.106,0.184,0.296,0.078,0.09,0.084,0.102,0.182,0.062,0.1,0.114,0.106,0.242,0.062,0.044,0.054,0.156,0.112,0.162,0.096,0.258,0.138
"12",0.086,0.28,0.29,0.204,0.356,0.172,0.244,0.13,0.27,0.194,0.152,1,0.28,0.06,0.054,0.066,0.09,0.09,0.034,0.13,0.198,0.324,0.26,0.272,0.18,0.114,0.074,0.142,0.292,0.288,0.128,0.258,0.294,0.23,0.314,0.088,0.044,0.208,0.112,0.162,0.072,0.088,0.156,0.074,0.112,0.146,0.118,0.29,0.266,0.134,0.254,0.29,0.278,0.21,0.25,0.194,0.264,0.156,0.326,0.424,0.148,0.408,0.274,0.184,0.232,0.138,0.16,0.196,0.218,0.18,0.146,0.128,0.18,0.098,0.176,0.106,0.308,0.162,0.214,0.082,0.176,0.246,0.054,0.188,0.09,0.088,0.252,0.062,0.054,0.088,0.112,0.06,0.126,0.104,0.112,0.248,0.044,0.032,0.072,0.376,0.134,0.206,0.232,0.09,0.122,0.284,0.176,0.18,0.172,0.11,0.104,0.098,0.062,0.128,0.126,0.166,0.032,0.256,0.256,0.182,0.414,0.096,0.236,0.188,0.096,0.114,0.058,0.068,0.146,0.18,0.25,0.15,0.06,0.164,0.09,0.206,0.234,0.23,0.164,0.054,0.074,0.106,0.078,0.082,0.036,0.372,0.286,0.12,0.108,0.056,0.102,0.266,0.118,0.35,0.12,0.056,0.228,0.216,0.358,0.158,0.332,0.032,0.244,0.306,0.244,0.174,0.06,0.13,0.128,0.162,0.136,0.114,0.216,0.34,0.06,0.24
"13",0.096,0.146,0.144,0.206,0.472,0.166,0.188,0.11,0.222,0.14,0.146,0.28,1,0.12,0.114,0.04,0.07,0.188,0.068,0.128,0.138,0.462,0.158,0.278,0.114,0.074,0.198,0.126,0.276,0.296,0.112,0.198,0.226,0.286,0.202,0.188,0.09,0.31,0.094,0.094,0.052,0.144,0.08,0.12,0.056,0.27,0.18,0.228,0.198,0.112,0.144,0.222,0.278,0.122,0.318,0.11,0.198,0.148,0.298,0.294,0.078,0.362,0.174,0.152,0.158,0.142,0.09,0.196,0.172,0.338,0.134,0.248,0.116,0.146,0.096,0.118,0.288,0.162,0.15,0.14,0.124,0.204,0.07,0.128,0.134,0.072,0.26,0.072,0.258,0.138,0.168,0.046,0.126,0.082,0.126,0.138,0.046,0.056,0.044,0.198,0.136,0.204,0.154,0.166,0.308,0.37,0.132,0.236,0.188,0.062,0.14,0.102,0.056,0.304,0.13,0.086,0.06,0.15,0.212,0.292,0.398,0.138,0.214,0.202,0.11,0.168,0.22,0.078,0.074,0.164,0.378,0.056,0.268,0.23,0.156,0.234,0.416,0.202,0.104,0.054,0.136,0.13,0.076,0.12,0.09,0.252,0.188,0.044,0.1,0.05,0.092,0.216,0.134,0.302,0.078,0.044,0.282,0.18,0.366,0.228,0.32,0.062,0.266,0.284,0.158,0.116,0.118,0.276,0.11,0.064,0.102,0.076,0.296,0.254,0.06,0.242
"14",0.364,0.114,0.164,0.148,0.112,0.104,0.098,0.12,0.088,0.12,0.13,0.06,0.12,1,0.366,0.222,0.15,0.226,0.322,0.12,0.108,0.086,0.072,0.05,0.21,0.13,0.268,0.2,0.108,0.08,0.236,0.066,0.042,0.106,0.116,0.09,0.414,0.202,0.166,0.186,0.278,0.07,0.236,0.188,0.144,0.198,0.144,0.128,0.072,0.342,0.088,0.164,0.156,0.142,0.112,0.132,0.076,0.094,0.088,0.082,0.126,0.046,0.044,0.14,0.124,0.084,0.114,0.104,0.072,0.148,0.298,0.082,0.094,0.146,0.096,0.188,0.096,0.082,0.048,0.16,0.132,0.068,0.276,0.13,0.132,0.196,0.068,0.324,0.356,0.244,0.132,0.186,0.188,0.164,0.146,0.088,0.236,0.252,0.166,0.086,0.244,0.15,0.056,0.186,0.284,0.06,0.098,0.092,0.176,0.166,0.144,0.15,0.244,0.19,0.296,0.188,0.208,0.258,0.07,0.264,0.05,0.192,0.138,0.108,0.082,0.248,0.218,0.156,0.102,0.164,0.09,0.102,0.212,0.132,0.194,0.084,0.1,0.084,0.078,0.194,0.708,0.118,0.124,0.116,0.276,0.072,0.132,0.102,0.212,0.236,0.184,0.106,0.076,0.032,0.158,0.15,0.092,0.126,0.11,0.142,0.1,0.226,0.212,0.172,0.196,0.096,0.234,0.306,0.232,0.17,0.186,0.116,0.06,0.08,0.244,0.078
"15",0.428,0.14,0.09,0.078,0.048,0.128,0.058,0.134,0.056,0.168,0.176,0.054,0.114,0.366,1,0.238,0.248,0.344,0.19,0.188,0.02,0.112,0.054,0.024,0.192,0.152,0.304,0.128,0.052,0.044,0.178,0.044,0.038,0.226,0.118,0.184,0.452,0.334,0.246,0.122,0.182,0.24,0.114,0.24,0.18,0.244,0.254,0.208,0.032,0.15,0.036,0.118,0.178,0.106,0.034,0.062,0.056,0.078,0.082,0.062,0.064,0.076,0.062,0.04,0.058,0.078,0.1,0.016,0.064,0.078,0.29,0.186,0.062,0.126,0.074,0.214,0.162,0.052,0.056,0.214,0.104,0.062,0.164,0.108,0.228,0.22,0.084,0.164,0.376,0.296,0.234,0.374,0.184,0.214,0.302,0.06,0.228,0.22,0.282,0.044,0.136,0.108,0.056,0.316,0.208,0.126,0.096,0.116,0.154,0.116,0.108,0.298,0.202,0.138,0.144,0.15,0.192,0.114,0.012,0.196,0.042,0.316,0.064,0.208,0.174,0.264,0.302,0.278,0.182,0.136,0.118,0.054,0.398,0.246,0.318,0.038,0.136,0.102,0.062,0.294,0.3,0.326,0.224,0.286,0.358,0.028,0.076,0.236,0.222,0.214,0.324,0.062,0.114,0.078,0.132,0.236,0.056,0.078,0.062,0.19,0.148,0.186,0.11,0.094,0.124,0.09,0.288,0.328,0.206,0.14,0.098,0.08,0.11,0.104,0.288,0.052
"16",0.31,0.162,0.142,0.228,0.042,0.138,0.142,0.132,0.122,0.172,0.118,0.066,0.04,0.222,0.238,1,0.212,0.192,0.21,0.354,0.078,0.074,0.072,0.044,0.258,0.39,0.276,0.286,0.058,0.036,0.196,0.052,0.07,0.084,0.13,0.21,0.106,0.1,0.442,0.38,0.2,0.23,0.198,0.242,0.314,0.182,0.236,0.1,0.16,0.23,0.072,0.104,0.204,0.152,0.012,0.13,0.07,0.14,0.044,0.042,0.172,0.04,0.038,0.074,0.152,0.178,0.14,0.038,0.202,0.028,0.214,0.074,0.136,0.106,0.08,0.18,0.106,0.06,0.052,0.072,0.128,0.02,0.192,0.114,0.264,0.288,0.078,0.2,0.152,0.258,0.208,0.25,0.27,0.222,0.218,0.11,0.198,0.222,0.274,0.052,0.268,0.076,0.138,0.174,0.27,0.066,0.258,0.104,0.166,0.396,0.316,0.186,0.36,0.106,0.128,0.114,0.246,0.176,0.094,0.138,0.014,0.25,0.078,0.124,0.136,0.29,0.086,0.178,0.162,0.12,0.032,0.156,0.166,0.154,0.164,0.096,0.044,0.092,0.092,0.234,0.18,0.268,0.126,0.156,0.216,0.018,0.1,0.202,0.206,0.214,0.232,0.104,0.144,0.074,0.222,0.178,0.054,0.118,0.03,0.172,0.076,0.222,0.108,0.164,0.126,0.19,0.164,0.19,0.19,0.242,0.374,0.096,0.066,0.04,0.12,0.066
"17",0.154,0.216,0.1,0.05,0.02,0.292,0.144,0.204,0.032,0.142,0.226,0.09,0.07,0.15,0.248,0.212,1,0.102,0.158,0.228,0.058,0.05,0.078,0.042,0.224,0.332,0.208,0.242,0.088,0.098,0.108,0.054,0.06,0.196,0.112,0.278,0.192,0.104,0.37,0.128,0.212,0.336,0.05,0.27,0.214,0.17,0.26,0.156,0.05,0.1,0.056,0.042,0.096,0.046,0.03,0.094,0.058,0.054,0.168,0.044,0.082,0.06,0.1,0.05,0.09,0.052,0.11,0.038,0.056,0.11,0.076,0.24,0.056,0.166,0.1,0.142,0.158,0.08,0.096,0.294,0.14,0.19,0.156,0.144,0.314,0.366,0.106,0.19,0.146,0.18,0.142,0.496,0.35,0.522,0.296,0.054,0.152,0.244,0.456,0.068,0.148,0.142,0.048,0.09,0.062,0.198,0.11,0.168,0.156,0.266,0.082,0.17,0.45,0.068,0.174,0.14,0.142,0.266,0.032,0.128,0.044,0.204,0.044,0.138,0.388,0.112,0.124,0.432,0.168,0.132,0.16,0.096,0.348,0.166,0.164,0.068,0.094,0.09,0.07,0.348,0.146,0.178,0.272,0.282,0.294,0.026,0.078,0.394,0.084,0.18,0.394,0.056,0.294,0.042,0.16,0.264,0.076,0.08,0.056,0.128,0.102,0.244,0.048,0.056,0.174,0.158,0.22,0.146,0.08,0.178,0.178,0.112,0.046,0.1,0.41,0.134
"18",0.23,0.084,0.058,0.202,0.086,0.096,0.03,0.092,0.158,0.206,0.252,0.09,0.188,0.226,0.344,0.192,0.102,1,0.238,0.274,0.026,0.138,0.02,0.03,0.208,0.118,0.212,0.148,0.096,0.042,0.142,0.032,0.064,0.224,0.106,0.29,0.344,0.396,0.166,0.144,0.154,0.278,0.256,0.182,0.16,0.192,0.188,0.104,0.108,0.152,0.044,0.142,0.16,0.202,0.05,0.062,0.026,0.134,0.074,0.076,0.068,0.068,0.048,0.048,0.11,0.14,0.14,0.036,0.128,0.112,0.326,0.19,0.052,0.118,0.072,0.272,0.176,0.06,0.088,0.242,0.064,0.076,0.208,0.068,0.236,0.108,0.134,0.156,0.328,0.2,0.18,0.174,0.108,0.104,0.252,0.146,0.32,0.172,0.174,0.088,0.202,0.166,0.07,0.342,0.256,0.164,0.16,0.084,0.106,0.16,0.308,0.35,0.132,0.152,0.168,0.162,0.252,0.076,0.024,0.18,0.05,0.246,0.112,0.144,0.148,0.26,0.412,0.186,0.116,0.114,0.126,0.064,0.288,0.21,0.302,0.05,0.128,0.108,0.09,0.206,0.216,0.288,0.296,0.276,0.3,0.028,0.174,0.166,0.29,0.312,0.188,0.14,0.126,0.13,0.118,0.154,0.058,0.072,0.09,0.242,0.178,0.164,0.264,0.178,0.088,0.134,0.202,0.252,0.232,0.128,0.128,0.098,0.144,0.078,0.192,0.046
"19",0.184,0.062,0.074,0.054,0.01,0.28,0.128,0.048,0.046,0.124,0.164,0.034,0.068,0.322,0.19,0.21,0.158,0.238,1,0.144,0.026,0.044,0.034,0.014,0.374,0.164,0.278,0.25,0.026,0.02,0.088,0.022,0.03,0.102,0.03,0.16,0.414,0.136,0.232,0.174,0.216,0.182,0.3,0.35,0.234,0.11,0.134,0.046,0.032,0.328,0.016,0.06,0.044,0.056,0.034,0.05,0.04,0.06,0.024,0.028,0.054,0.022,0.014,0.04,0.014,0.038,0.066,0.018,0.042,0.164,0.154,0.05,0.032,0.058,0.024,0.226,0.048,0.01,0.032,0.446,0.172,0.074,0.738,0.166,0.15,0.252,0.056,0.512,0.336,0.242,0.054,0.156,0.31,0.246,0.092,0.03,0.554,0.4,0.174,0.026,0.352,0.084,0.07,0.22,0.244,0.102,0.074,0.138,0.05,0.24,0.254,0.248,0.298,0.09,0.472,0.178,0.604,0.268,0.016,0.178,0.014,0.112,0.024,0.072,0.166,0.256,0.374,0.116,0.07,0.182,0.04,0.11,0.224,0.098,0.134,0.018,0.07,0.032,0.03,0.216,0.222,0.104,0.216,0.066,0.204,0.01,0.072,0.086,0.25,0.418,0.108,0.046,0.048,0.014,0.086,0.16,0.008,0.038,0.042,0.14,0.098,0.626,0.064,0.044,0.09,0.072,0.184,0.118,0.15,0.092,0.16,0.05,0.022,0.034,0.36,0.042
"20",0.158,0.192,0.084,0.262,0.094,0.218,0.14,0.174,0.134,0.21,0.096,0.13,0.128,0.12,0.188,0.354,0.228,0.274,0.144,1,0.08,0.084,0.104,0.064,0.29,0.238,0.204,0.19,0.14,0.072,0.3,0.06,0.126,0.27,0.2,0.158,0.096,0.228,0.222,0.136,0.25,0.184,0.364,0.228,0.152,0.204,0.164,0.092,0.126,0.09,0.15,0.182,0.168,0.306,0.042,0.146,0.08,0.124,0.106,0.112,0.172,0.088,0.094,0.116,0.168,0.112,0.274,0.052,0.128,0.122,0.186,0.15,0.206,0.104,0.154,0.28,0.34,0.076,0.158,0.092,0.136,0.098,0.138,0.132,0.408,0.308,0.216,0.104,0.156,0.148,0.158,0.19,0.194,0.196,0.17,0.24,0.108,0.202,0.178,0.104,0.11,0.152,0.104,0.158,0.204,0.142,0.38,0.082,0.108,0.194,0.172,0.18,0.19,0.072,0.072,0.14,0.142,0.154,0.05,0.222,0.06,0.156,0.196,0.186,0.118,0.282,0.132,0.122,0.152,0.104,0.092,0.14,0.21,0.124,0.14,0.154,0.09,0.114,0.18,0.216,0.124,0.226,0.152,0.106,0.224,0.05,0.09,0.282,0.158,0.162,0.234,0.264,0.144,0.094,0.286,0.242,0.068,0.194,0.1,0.132,0.134,0.142,0.246,0.29,0.122,0.266,0.206,0.186,0.282,0.39,0.23,0.166,0.082,0.084,0.18,0.05
"21",0.12,0.132,0.202,0.204,0.264,0.058,0.168,0.206,0.158,0.222,0.122,0.198,0.138,0.108,0.02,0.078,0.058,0.026,0.026,0.08,1,0.142,0.318,0.476,0.066,0.084,0.076,0.044,0.25,0.396,0.23,0.518,0.43,0.14,0.192,0.066,0.016,0.062,0.028,0.196,0.246,0.056,0.146,0.024,0.138,0.202,0.114,0.102,0.286,0.17,0.418,0.244,0.098,0.194,0.516,0.52,0.27,0.356,0.228,0.318,0.652,0.17,0.452,0.48,0.32,0.376,0.286,0.572,0.362,0.398,0.138,0.122,0.414,0.3,0.358,0.092,0.106,0.338,0.372,0.024,0.118,0.318,0.042,0.124,0.096,0.012,0.234,0.02,0.044,0.052,0.164,0.014,0.038,0.026,0.032,0.266,0.014,0.086,0.036,0.26,0.044,0.154,0.412,0.078,0.102,0.166,0.158,0.256,0.348,0.028,0.064,0.08,0.022,0.274,0.036,0.088,0.024,0.122,0.53,0.168,0.23,0.082,0.29,0.19,0.086,0.082,0.046,0.07,0.27,0.136,0.184,0.478,0.028,0.106,0.05,0.358,0.23,0.374,0.322,0.024,0.156,0.102,0.062,0.09,0.038,0.452,0.202,0.168,0.074,0.014,0.032,0.208,0.164,0.26,0.15,0.136,0.398,0.3,0.194,0.092,0.124,0.018,0.138,0.166,0.232,0.228,0.088,0.058,0.258,0.232,0.08,0.398,0.42,0.312,0.038,0.332
"22",0.082,0.15,0.2,0.388,0.502,0.16,0.154,0.234,0.464,0.078,0.112,0.324,0.462,0.086,0.112,0.074,0.05,0.138,0.044,0.084,0.142,1,0.206,0.404,0.074,0.124,0.262,0.092,0.188,0.28,0.058,0.28,0.248,0.26,0.26,0.156,0.044,0.296,0.148,0.222,0.026,0.062,0.062,0.106,0.08,0.118,0.29,0.2,0.392,0.124,0.144,0.242,0.302,0.184,0.312,0.198,0.282,0.294,0.232,0.436,0.142,0.58,0.284,0.108,0.186,0.274,0.116,0.226,0.322,0.202,0.12,0.182,0.162,0.134,0.074,0.052,0.266,0.196,0.16,0.036,0.09,0.118,0.04,0.096,0.114,0.062,0.324,0.052,0.108,0.206,0.36,0.046,0.08,0.034,0.084,0.106,0.028,0.026,0.04,0.206,0.082,0.068,0.176,0.168,0.366,0.296,0.108,0.25,0.194,0.114,0.208,0.208,0.068,0.324,0.08,0.07,0.082,0.12,0.382,0.234,0.594,0.078,0.184,0.182,0.086,0.192,0.118,0.074,0.094,0.178,0.22,0.114,0.138,0.372,0.122,0.176,0.314,0.366,0.138,0.03,0.116,0.196,0.054,0.142,0.046,0.308,0.188,0.036,0.07,0.054,0.056,0.114,0.176,0.39,0.092,0.04,0.248,0.128,0.276,0.33,0.37,0.036,0.284,0.31,0.218,0.072,0.102,0.244,0.124,0.04,0.122,0.11,0.38,0.274,0.04,0.31
"23",0.064,0.366,0.424,0.13,0.232,0.076,0.544,0.264,0.272,0.132,0.138,0.26,0.158,0.072,0.054,0.072,0.078,0.02,0.034,0.104,0.318,0.206,1,0.342,0.116,0.14,0.062,0.076,0.476,0.246,0.198,0.358,0.268,0.124,0.194,0.032,0.034,0.052,0.072,0.146,0.074,0.042,0.214,0.03,0.084,0.13,0.078,0.438,0.344,0.136,0.274,0.148,0.296,0.168,0.304,0.29,0.806,0.374,0.21,0.264,0.222,0.358,0.312,0.23,0.268,0.324,0.154,0.386,0.262,0.166,0.092,0.146,0.584,0.21,0.348,0.084,0.21,0.43,0.322,0.03,0.27,0.186,0.082,0.276,0.052,0.112,0.264,0.042,0.02,0.07,0.132,0.084,0.054,0.026,0.048,0.184,0.024,0.034,0.046,0.168,0.068,0.12,0.206,0.064,0.06,0.114,0.122,0.238,0.24,0.064,0.066,0.062,0.066,0.138,0.042,0.146,0.022,0.084,0.392,0.128,0.318,0.12,0.182,0.25,0.072,0.064,0.014,0.054,0.204,0.256,0.172,0.264,0.052,0.124,0.04,0.202,0.136,0.244,0.258,0.058,0.124,0.104,0.046,0.086,0.038,0.324,0.256,0.108,0.1,0.038,0.082,0.134,0.118,0.272,0.168,0.116,0.27,0.358,0.192,0.104,0.212,0.016,0.084,0.282,0.246,0.128,0.068,0.082,0.248,0.192,0.14,0.284,0.23,0.256,0.06,0.306
"24",0.034,0.254,0.192,0.276,0.382,0.126,0.172,0.292,0.334,0.04,0.134,0.272,0.278,0.05,0.024,0.044,0.042,0.03,0.014,0.064,0.476,0.404,0.342,1,0.008,0.104,0.104,0.07,0.29,0.396,0.106,0.632,0.482,0.15,0.224,0.118,0.016,0.148,0.046,0.214,0.16,0.05,0.072,0.06,0.126,0.112,0.146,0.148,0.534,0.09,0.218,0.212,0.216,0.14,0.526,0.496,0.328,0.372,0.184,0.37,0.438,0.412,0.526,0.31,0.206,0.432,0.148,0.514,0.454,0.348,0.082,0.158,0.37,0.242,0.174,0.034,0.242,0.36,0.242,0.012,0.068,0.182,0.034,0.076,0.066,0.046,0.428,0.014,0.042,0.144,0.332,0.022,0.014,0.006,0.042,0.074,0.002,0.038,0.022,0.146,0.062,0.044,0.406,0.116,0.136,0.19,0.074,0.404,0.178,0.068,0.11,0.07,0.026,0.328,0.034,0.12,0.016,0.068,0.72,0.198,0.478,0.08,0.268,0.196,0.152,0.078,0.046,0.086,0.168,0.13,0.188,0.368,0.038,0.166,0.096,0.298,0.41,0.524,0.28,0.016,0.09,0.142,0.026,0.132,0.028,0.426,0.24,0.058,0.058,0.006,0.078,0.082,0.238,0.326,0.138,0.054,0.522,0.176,0.17,0.16,0.194,0.008,0.144,0.234,0.254,0.06,0.134,0.128,0.12,0.09,0.118,0.304,0.554,0.244,0.038,0.458
"25",0.11,0.094,0.082,0.12,0.052,0.208,0.23,0.18,0.094,0.272,0.128,0.18,0.114,0.21,0.192,0.258,0.224,0.208,0.374,0.29,0.066,0.074,0.116,0.008,1,0.296,0.36,0.134,0.148,0.084,0.214,0.006,0.084,0.232,0.102,0.09,0.198,0.158,0.332,0.136,0.168,0.14,0.36,0.244,0.196,0.186,0.226,0.092,0.066,0.204,0.144,0.05,0.134,0.108,0.042,0.078,0.092,0.116,0.12,0.092,0.112,0.048,0.074,0.07,0.12,0.054,0.3,0.052,0.068,0.144,0.13,0.09,0.138,0.094,0.122,0.208,0.098,0.05,0.138,0.244,0.22,0.138,0.412,0.214,0.318,0.358,0.11,0.274,0.192,0.184,0.098,0.184,0.338,0.246,0.1,0.184,0.208,0.234,0.18,0.086,0.148,0.114,0.076,0.166,0.206,0.128,0.2,0.1,0.13,0.17,0.126,0.286,0.244,0.094,0.24,0.126,0.332,0.208,0.028,0.192,0.036,0.128,0.114,0.086,0.106,0.392,0.18,0.162,0.182,0.15,0.134,0.18,0.238,0.164,0.072,0.088,0.068,0.07,0.106,0.202,0.18,0.082,0.232,0.118,0.194,0.036,0.052,0.232,0.108,0.208,0.162,0.182,0.066,0.056,0.212,0.21,0.048,0.114,0.084,0.208,0.098,0.246,0.116,0.124,0.104,0.194,0.16,0.172,0.302,0.26,0.144,0.13,0.046,0.096,0.27,0.052
"26",0.114,0.208,0.156,0.14,0.036,0.232,0.192,0.238,0.13,0.102,0.238,0.114,0.074,0.13,0.152,0.39,0.332,0.118,0.164,0.238,0.084,0.124,0.14,0.104,0.296,1,0.34,0.226,0.072,0.12,0.038,0.08,0.116,0.11,0.104,0.272,0.12,0.126,0.582,0.404,0.076,0.226,0.08,0.312,0.29,0.122,0.504,0.114,0.182,0.162,0.032,0.052,0.192,0.032,0.058,0.116,0.126,0.248,0.08,0.07,0.152,0.08,0.08,0.03,0.088,0.2,0.096,0.082,0.25,0.086,0.084,0.148,0.108,0.196,0.062,0.118,0.08,0.078,0.07,0.12,0.138,0.062,0.154,0.128,0.282,0.388,0.1,0.198,0.096,0.216,0.208,0.314,0.266,0.35,0.198,0.036,0.126,0.128,0.234,0.024,0.234,0.04,0.164,0.124,0.15,0.184,0.154,0.222,0.104,0.372,0.228,0.32,0.426,0.144,0.134,0.132,0.258,0.19,0.162,0.082,0.056,0.222,0.03,0.092,0.238,0.154,0.096,0.346,0.13,0.104,0.066,0.1,0.19,0.298,0.14,0.04,0.044,0.15,0.098,0.326,0.12,0.19,0.234,0.262,0.166,0.026,0.132,0.204,0.208,0.212,0.252,0.028,0.244,0.092,0.196,0.172,0.09,0.03,0.042,0.172,0.064,0.274,0.044,0.056,0.156,0.098,0.14,0.136,0.072,0.116,0.264,0.098,0.096,0.064,0.166,0.146
"27",0.186,0.17,0.072,0.202,0.114,0.184,0.11,0.314,0.174,0.132,0.104,0.074,0.198,0.268,0.304,0.276,0.208,0.212,0.278,0.204,0.076,0.262,0.062,0.104,0.36,0.34,1,0.104,0.052,0.07,0.076,0.05,0.08,0.164,0.102,0.22,0.212,0.328,0.398,0.174,0.134,0.138,0.15,0.34,0.272,0.256,0.446,0.07,0.158,0.162,0.04,0.084,0.244,0.076,0.074,0.132,0.076,0.188,0.04,0.12,0.172,0.078,0.104,0.034,0.098,0.118,0.166,0.088,0.138,0.094,0.132,0.118,0.07,0.164,0.022,0.132,0.132,0.06,0.062,0.128,0.098,0.018,0.198,0.096,0.306,0.336,0.196,0.19,0.32,0.404,0.314,0.29,0.25,0.21,0.164,0.018,0.142,0.19,0.192,0.018,0.112,0.022,0.09,0.346,0.388,0.124,0.116,0.178,0.072,0.216,0.152,0.426,0.324,0.256,0.14,0.096,0.356,0.114,0.104,0.204,0.078,0.104,0.058,0.062,0.13,0.454,0.224,0.302,0.2,0.086,0.06,0.168,0.42,0.462,0.148,0.038,0.13,0.154,0.112,0.226,0.206,0.124,0.15,0.272,0.256,0.022,0.044,0.102,0.144,0.172,0.196,0.036,0.156,0.094,0.166,0.114,0.07,0.02,0.044,0.274,0.108,0.24,0.11,0.094,0.164,0.05,0.246,0.264,0.16,0.094,0.116,0.092,0.214,0.042,0.18,0.088
"28",0.196,0.12,0.272,0.114,0.09,0.264,0.12,0.072,0.126,0.054,0.23,0.142,0.126,0.2,0.128,0.286,0.242,0.148,0.25,0.19,0.044,0.092,0.076,0.07,0.134,0.226,0.104,1,0.092,0.084,0.088,0.084,0.052,0.128,0.118,0.344,0.178,0.078,0.232,0.252,0.104,0.2,0.112,0.18,0.174,0.118,0.146,0.208,0.102,0.258,0.032,0.074,0.128,0.06,0.102,0.05,0.086,0.052,0.108,0.072,0.068,0.084,0.042,0.082,0.076,0.082,0.03,0.068,0.134,0.158,0.116,0.09,0.054,0.112,0.116,0.132,0.114,0.102,0.056,0.194,0.138,0.048,0.212,0.138,0.214,0.204,0.04,0.372,0.36,0.236,0.102,0.208,0.338,0.308,0.226,0.06,0.214,0.196,0.204,0.086,0.454,0.192,0.104,0.152,0.164,0.118,0.086,0.108,0.076,0.514,0.366,0.108,0.41,0.128,0.366,0.138,0.29,0.402,0.048,0.176,0.096,0.268,0.072,0.11,0.174,0.098,0.214,0.184,0.086,0.144,0.128,0.074,0.204,0.096,0.182,0.1,0.178,0.088,0.058,0.186,0.152,0.122,0.114,0.156,0.14,0.074,0.108,0.072,0.154,0.21,0.222,0.082,0.162,0.08,0.104,0.092,0.134,0.084,0.122,0.182,0.088,0.312,0.132,0.098,0.206,0.062,0.156,0.224,0.056,0.1,0.496,0.06,0.076,0.064,0.15,0.102
"29",0.036,0.246,0.208,0.118,0.304,0.12,0.342,0.144,0.214,0.226,0.132,0.292,0.276,0.108,0.052,0.058,0.088,0.096,0.026,0.14,0.25,0.188,0.476,0.29,0.148,0.072,0.052,0.092,1,0.384,0.216,0.278,0.276,0.25,0.208,0.078,0.024,0.148,0.034,0.068,0.082,0.096,0.256,0.028,0.106,0.288,0.078,0.354,0.234,0.092,0.29,0.198,0.182,0.19,0.382,0.186,0.362,0.24,0.434,0.324,0.154,0.286,0.274,0.258,0.208,0.23,0.198,0.342,0.248,0.276,0.068,0.29,0.476,0.362,0.294,0.128,0.346,0.438,0.348,0.054,0.21,0.3,0.068,0.218,0.066,0.064,0.256,0.032,0.07,0.034,0.144,0.08,0.082,0.06,0.104,0.226,0.022,0.034,0.08,0.156,0.044,0.192,0.202,0.05,0.06,0.198,0.096,0.146,0.23,0.032,0.104,0.038,0.042,0.218,0.054,0.092,0.012,0.13,0.256,0.244,0.304,0.29,0.268,0.3,0.104,0.06,0.05,0.056,0.254,0.23,0.47,0.228,0.094,0.12,0.126,0.272,0.268,0.286,0.23,0.032,0.154,0.112,0.08,0.164,0.038,0.328,0.144,0.146,0.044,0.042,0.106,0.218,0.182,0.228,0.114,0.112,0.348,0.352,0.248,0.092,0.18,0.018,0.114,0.294,0.148,0.16,0.068,0.14,0.228,0.17,0.128,0.362,0.196,0.37,0.076,0.332
"30",0.032,0.13,0.14,0.15,0.378,0.234,0.224,0.1,0.132,0.168,0.178,0.288,0.296,0.08,0.044,0.036,0.098,0.042,0.02,0.072,0.396,0.28,0.246,0.396,0.084,0.12,0.07,0.084,0.384,1,0.194,0.448,0.532,0.284,0.274,0.114,0.014,0.132,0.106,0.128,0.11,0.082,0.11,0.066,0.174,0.25,0.248,0.204,0.212,0.142,0.274,0.238,0.16,0.142,0.524,0.22,0.208,0.292,0.53,0.394,0.332,0.308,0.412,0.346,0.274,0.286,0.214,0.424,0.326,0.436,0.084,0.26,0.342,0.272,0.172,0.07,0.232,0.25,0.304,0.028,0.108,0.26,0.03,0.116,0.108,0.034,0.222,0.02,0.052,0.052,0.192,0.044,0.068,0.072,0.054,0.182,0.002,0.026,0.052,0.258,0.066,0.222,0.436,0.05,0.066,0.336,0.052,0.21,0.218,0.024,0.06,0.106,0.04,0.386,0.092,0.074,0.02,0.156,0.358,0.196,0.39,0.168,0.308,0.248,0.088,0.022,0.046,0.084,0.166,0.168,0.374,0.22,0.084,0.27,0.112,0.35,0.382,0.426,0.316,0.03,0.122,0.082,0.062,0.13,0.022,0.488,0.166,0.13,0.048,0.014,0.066,0.142,0.206,0.292,0.052,0.084,0.476,0.27,0.334,0.098,0.19,0.016,0.142,0.232,0.176,0.21,0.058,0.168,0.208,0.146,0.132,0.274,0.372,0.346,0.018,0.512
"31",0.218,0.078,0.154,0.198,0.184,0.116,0.126,0.148,0.142,0.232,0.058,0.128,0.112,0.236,0.178,0.196,0.108,0.142,0.088,0.3,0.23,0.058,0.198,0.106,0.214,0.038,0.076,0.088,0.216,0.194,1,0.17,0.206,0.256,0.192,0.03,0.056,0.064,0.04,0.112,0.486,0.054,0.38,0.04,0.092,0.224,0.05,0.174,0.096,0.172,0.394,0.31,0.188,0.458,0.136,0.218,0.204,0.146,0.204,0.134,0.234,0.128,0.15,0.406,0.36,0.132,0.376,0.188,0.138,0.174,0.336,0.104,0.368,0.12,0.314,0.254,0.19,0.194,0.22,0.036,0.152,0.232,0.086,0.156,0.214,0.104,0.114,0.07,0.108,0.11,0.14,0.092,0.11,0.044,0.084,0.402,0.072,0.254,0.148,0.314,0.04,0.316,0.17,0.104,0.148,0.04,0.258,0.074,0.204,0.062,0.06,0.072,0.052,0.146,0.066,0.21,0.044,0.134,0.108,0.312,0.106,0.176,0.404,0.292,0.034,0.224,0.058,0.026,0.246,0.204,0.178,0.182,0.096,0.06,0.092,0.384,0.164,0.14,0.306,0.076,0.232,0.07,0.094,0.064,0.198,0.208,0.18,0.2,0.102,0.05,0.146,0.448,0.046,0.136,0.296,0.194,0.184,0.444,0.226,0.126,0.132,0.038,0.332,0.288,0.14,0.338,0.146,0.214,0.508,0.61,0.15,0.272,0.106,0.164,0.13,0.124
"32",0.054,0.158,0.2,0.228,0.304,0.178,0.198,0.212,0.262,0.08,0.114,0.258,0.198,0.066,0.044,0.052,0.054,0.032,0.022,0.06,0.518,0.28,0.358,0.632,0.006,0.08,0.05,0.084,0.278,0.448,0.17,1,0.434,0.234,0.232,0.098,0.022,0.082,0.044,0.19,0.16,0.048,0.078,0.048,0.076,0.096,0.118,0.174,0.402,0.128,0.244,0.256,0.13,0.226,0.562,0.41,0.318,0.34,0.326,0.394,0.446,0.39,0.478,0.376,0.212,0.414,0.148,0.534,0.308,0.33,0.098,0.174,0.444,0.254,0.204,0.026,0.188,0.334,0.322,0.038,0.108,0.264,0.046,0.114,0.072,0.036,0.346,0.016,0.036,0.11,0.278,0.014,0.018,0.02,0.016,0.14,0.014,0.058,0.014,0.242,0.09,0.124,0.346,0.084,0.136,0.252,0.098,0.276,0.226,0.044,0.082,0.044,0.022,0.258,0.054,0.116,0.014,0.086,0.57,0.156,0.452,0.104,0.226,0.35,0.156,0.084,0.028,0.052,0.148,0.172,0.23,0.372,0.018,0.088,0.07,0.268,0.332,0.462,0.276,0.004,0.112,0.15,0.038,0.122,0.02,0.494,0.228,0.09,0.074,0.012,0.044,0.104,0.186,0.308,0.124,0.092,0.51,0.26,0.22,0.116,0.282,0.004,0.134,0.226,0.246,0.126,0.118,0.12,0.18,0.124,0.104,0.344,0.392,0.338,0.052,0.438
"33",0.064,0.186,0.132,0.154,0.268,0.152,0.19,0.164,0.204,0.134,0.144,0.294,0.226,0.042,0.038,0.07,0.06,0.064,0.03,0.126,0.43,0.248,0.268,0.482,0.084,0.116,0.08,0.052,0.276,0.532,0.206,0.434,1,0.198,0.222,0.084,0.028,0.15,0.06,0.18,0.156,0.078,0.15,0.05,0.194,0.14,0.158,0.144,0.298,0.108,0.334,0.268,0.188,0.206,0.398,0.376,0.258,0.316,0.238,0.31,0.436,0.318,0.456,0.312,0.27,0.324,0.258,0.37,0.374,0.414,0.146,0.154,0.338,0.234,0.21,0.102,0.234,0.254,0.246,0.044,0.112,0.216,0.056,0.116,0.154,0.074,0.366,0.032,0.05,0.064,0.182,0.06,0.034,0.036,0.064,0.198,0.034,0.064,0.058,0.208,0.058,0.12,0.614,0.09,0.046,0.188,0.11,0.264,0.168,0.046,0.09,0.094,0.03,0.278,0.06,0.106,0.034,0.056,0.466,0.186,0.334,0.084,0.326,0.216,0.13,0.066,0.064,0.108,0.222,0.164,0.234,0.32,0.062,0.186,0.084,0.386,0.348,0.4,0.466,0.052,0.086,0.102,0.06,0.122,0.048,0.416,0.218,0.116,0.076,0.026,0.094,0.162,0.218,0.332,0.128,0.094,0.37,0.244,0.196,0.114,0.17,0.028,0.13,0.192,0.17,0.172,0.072,0.114,0.192,0.272,0.086,0.296,0.434,0.248,0.048,0.378
"34",0.11,0.078,0.118,0.148,0.276,0.274,0.122,0.108,0.206,0.186,0.104,0.23,0.286,0.106,0.226,0.084,0.196,0.224,0.102,0.27,0.14,0.26,0.124,0.15,0.232,0.11,0.164,0.128,0.25,0.284,0.256,0.234,0.198,1,0.202,0.144,0.086,0.286,0.188,0.08,0.136,0.116,0.184,0.144,0.082,0.24,0.23,0.208,0.08,0.082,0.186,0.222,0.176,0.198,0.308,0.062,0.118,0.162,0.396,0.292,0.118,0.284,0.216,0.128,0.094,0.136,0.186,0.184,0.114,0.23,0.112,0.25,0.238,0.174,0.144,0.142,0.312,0.136,0.304,0.172,0.102,0.224,0.12,0.108,0.414,0.132,0.212,0.06,0.234,0.158,0.258,0.09,0.134,0.102,0.09,0.168,0.08,0.106,0.082,0.226,0.076,0.188,0.136,0.154,0.192,0.312,0.112,0.116,0.184,0.098,0.118,0.148,0.082,0.258,0.116,0.058,0.094,0.108,0.104,0.272,0.29,0.214,0.226,0.3,0.1,0.172,0.24,0.062,0.208,0.124,0.35,0.098,0.238,0.202,0.16,0.174,0.288,0.252,0.136,0.056,0.112,0.138,0.094,0.16,0.118,0.224,0.09,0.188,0.06,0.05,0.162,0.182,0.104,0.208,0.086,0.134,0.262,0.17,0.29,0.214,0.368,0.072,0.218,0.224,0.16,0.196,0.142,0.394,0.282,0.198,0.128,0.15,0.166,0.316,0.11,0.224
"35",0.112,0.24,0.126,0.272,0.432,0.228,0.232,0.146,0.176,0.18,0.142,0.314,0.202,0.116,0.118,0.13,0.112,0.106,0.03,0.2,0.192,0.26,0.194,0.224,0.102,0.104,0.102,0.118,0.208,0.274,0.192,0.232,0.222,0.202,1,0.074,0.05,0.162,0.104,0.078,0.1,0.16,0.142,0.096,0.078,0.148,0.13,0.198,0.224,0.084,0.262,0.468,0.18,0.312,0.266,0.128,0.18,0.18,0.276,0.512,0.156,0.262,0.22,0.302,0.312,0.182,0.164,0.228,0.196,0.184,0.162,0.148,0.234,0.094,0.11,0.132,0.374,0.106,0.164,0.044,0.162,0.236,0.056,0.17,0.104,0.106,0.208,0.086,0.076,0.038,0.17,0.142,0.158,0.15,0.194,0.212,0.034,0.08,0.138,0.412,0.094,0.194,0.218,0.08,0.146,0.176,0.15,0.124,0.182,0.074,0.094,0.124,0.088,0.184,0.114,0.122,0.034,0.16,0.204,0.24,0.33,0.124,0.278,0.312,0.114,0.138,0.072,0.106,0.146,0.292,0.212,0.088,0.13,0.196,0.188,0.384,0.284,0.218,0.166,0.1,0.158,0.216,0.094,0.122,0.108,0.474,0.178,0.11,0.094,0.078,0.168,0.222,0.166,0.348,0.078,0.074,0.324,0.39,0.308,0.122,0.306,0.064,0.268,0.534,0.204,0.124,0.044,0.16,0.254,0.148,0.194,0.118,0.22,0.358,0.06,0.196
"36",0.102,0.126,0.138,0.132,0.062,0.202,0.058,0.098,0.158,0.098,0.384,0.088,0.188,0.09,0.184,0.21,0.278,0.29,0.16,0.158,0.066,0.156,0.032,0.118,0.09,0.272,0.22,0.344,0.078,0.114,0.03,0.098,0.084,0.144,0.074,1,0.204,0.264,0.278,0.304,0.084,0.496,0.068,0.198,0.324,0.116,0.378,0.15,0.176,0.162,0.008,0.06,0.144,0.05,0.078,0.068,0.04,0.13,0.106,0.05,0.092,0.062,0.064,0.02,0.05,0.196,0.034,0.062,0.23,0.132,0.104,0.248,0.052,0.2,0.052,0.122,0.154,0.114,0.06,0.23,0.09,0.054,0.158,0.088,0.246,0.182,0.108,0.186,0.276,0.324,0.334,0.192,0.136,0.26,0.266,0.024,0.146,0.11,0.166,0.018,0.25,0.07,0.128,0.292,0.126,0.35,0.074,0.228,0.06,0.42,0.452,0.278,0.296,0.184,0.15,0.092,0.27,0.154,0.102,0.08,0.056,0.314,0.026,0.158,0.356,0.082,0.308,0.328,0.144,0.122,0.15,0.078,0.308,0.282,0.346,0.042,0.156,0.176,0.098,0.154,0.094,0.25,0.256,0.432,0.124,0.012,0.074,0.112,0.1,0.156,0.198,0.03,0.314,0.168,0.084,0.106,0.166,0.026,0.05,0.142,0.1,0.258,0.098,0.064,0.134,0.04,0.24,0.216,0.03,0.028,0.314,0.096,0.186,0.06,0.194,0.178
"37",0.234,0.13,0.078,0.026,0.01,0.094,0.066,0.136,0.036,0.146,0.258,0.044,0.09,0.414,0.452,0.106,0.192,0.344,0.414,0.096,0.016,0.044,0.034,0.016,0.198,0.12,0.212,0.178,0.024,0.014,0.056,0.022,0.028,0.086,0.05,0.204,1,0.316,0.15,0.104,0.156,0.256,0.148,0.34,0.15,0.15,0.112,0.09,0.016,0.168,0.012,0.066,0.076,0.062,0.03,0.046,0.04,0.026,0.026,0.03,0.03,0.032,0.038,0.014,0.012,0.03,0.062,0.014,0.016,0.118,0.174,0.14,0.016,0.092,0.05,0.24,0.118,0.036,0.048,0.454,0.148,0.094,0.39,0.146,0.118,0.232,0.104,0.292,0.384,0.238,0.082,0.276,0.154,0.23,0.266,0.042,0.476,0.266,0.248,0.026,0.31,0.124,0.05,0.368,0.178,0.112,0.086,0.184,0.068,0.116,0.13,0.244,0.216,0.072,0.328,0.274,0.342,0.146,0.012,0.13,0.026,0.164,0.054,0.116,0.312,0.234,0.426,0.288,0.07,0.144,0.06,0.09,0.294,0.128,0.338,0.004,0.094,0.022,0.036,0.324,0.4,0.218,0.284,0.212,0.35,0.008,0.104,0.15,0.354,0.364,0.23,0.05,0.13,0.044,0.094,0.174,0.032,0.026,0.032,0.146,0.152,0.328,0.058,0.024,0.086,0.096,0.29,0.16,0.092,0.046,0.08,0.054,0.102,0.06,0.378,0.036
"38",0.136,0.144,0.08,0.14,0.198,0.096,0.07,0.208,0.168,0.258,0.188,0.208,0.31,0.202,0.334,0.1,0.104,0.396,0.136,0.228,0.062,0.296,0.052,0.148,0.158,0.126,0.328,0.078,0.148,0.132,0.064,0.082,0.15,0.286,0.162,0.264,0.316,1,0.168,0.072,0.076,0.226,0.136,0.214,0.192,0.392,0.292,0.14,0.112,0.08,0.078,0.184,0.184,0.132,0.144,0.102,0.088,0.13,0.148,0.254,0.084,0.182,0.182,0.04,0.06,0.104,0.118,0.07,0.162,0.158,0.146,0.25,0.054,0.268,0.068,0.158,0.38,0.122,0.124,0.2,0.076,0.106,0.12,0.08,0.278,0.14,0.282,0.064,0.31,0.266,0.296,0.132,0.084,0.074,0.222,0.09,0.138,0.088,0.11,0.09,0.068,0.086,0.15,0.362,0.27,0.256,0.1,0.202,0.116,0.094,0.156,0.314,0.068,0.258,0.1,0.076,0.16,0.072,0.082,0.276,0.176,0.22,0.114,0.164,0.162,0.246,0.404,0.172,0.202,0.108,0.178,0.092,0.318,0.37,0.306,0.06,0.224,0.218,0.14,0.146,0.224,0.234,0.214,0.264,0.222,0.102,0.082,0.162,0.15,0.136,0.138,0.132,0.16,0.2,0.094,0.128,0.12,0.072,0.168,0.242,0.198,0.082,0.17,0.176,0.1,0.07,0.23,0.3,0.172,0.056,0.042,0.13,0.274,0.176,0.152,0.126
